{
  "asset": {
    "version": "2.0",
    "generator": "THREE.GLTFExporter"
  },
  "scenes": [
    {
      "nodes": [
        0
      ]
    }
  ],
  "scene": 0,
  "nodes": [
    {
      "children": [
        10,
        30,
        34,
        44,
        48,
        54,
        61,
        71,
        72,
        73,
        74
      ],
      "matrix": [
        0.01,
        0,
        0,
        0,
        0,
        0.01,
        0,
        0,
        0,
        0,
        0.01,
        0,
        0,
        0,
        0,
        1
      ]
    },
    {
      "matrix": [
        1,
        0,
        0,
        0,
        0,
        1,
        0,
        0,
        0,
        0,
        1,
        0,
        -34.35214681241786,
        36.37577935702656,
        92.64170970299814,
        1
      ],
      "name": "leaf",
      "mesh": 0
    },
    {
      "matrix": [
        0.8764220078284322,
        0.4389674951489591,
        -0.01722507530941946,
        0,
        -0.4269993574800288,
        0.8602508539861677,
        0.1968367794658745,
        0,
        0.10325073233836429,
        -0.1684657450091974,
        0.9602412612738912,
        0,
        -2.8421709430404e-14,
        2.842170943040401e-14,
        -3.944304526105059e-31,
        1
      ],
      "name": "blueberrie",
      "mesh": 1
    },
    {
      "matrix": [
        0.08921379581591461,
        -0.040404594885106206,
        -0.3360024009120015,
        0,
        -0.3171306947568247,
        0.11132623772768921,
        -0.09759014964018838,
        0,
        0.11814511056117659,
        0.3293374919074825,
        -0.008233792863491726,
        0,
        6.923390731073287,
        -32.03252802020091,
        32.44803309763891,
        1
      ],
      "name": "blueberry Instance 2",
      "children": [
        1,
        2
      ]
    },
    {
      "matrix": [
        1,
        0,
        0,
        0,
        0,
        1,
        0,
        0,
        0,
        0,
        1,
        0,
        -34.35214681241786,
        36.37577935702656,
        92.64170970299814,
        1
      ],
      "name": "leaf",
      "mesh": 0
    },
    {
      "matrix": [
        0.8764220078284322,
        0.4389674951489591,
        -0.01722507530941946,
        0,
        -0.4269993574800288,
        0.8602508539861677,
        0.1968367794658745,
        0,
        0.10325073233836429,
        -0.1684657450091974,
        0.9602412612738912,
        0,
        -2.8421709430404e-14,
        2.842170943040401e-14,
        -3.944304526105059e-31,
        1
      ],
      "name": "blueberrie",
      "mesh": 1
    },
    {
      "matrix": [
        0.06077419441017851,
        -0.11788325643163153,
        -0.3238815851776862,
        0,
        -0.2823351559193593,
        0.17160976684451926,
        -0.11543913429120783,
        0,
        0.19769320447634928,
        0.28132342925356696,
        -0.06529755835579504,
        0,
        47.00556588139934,
        6.753204553634832,
        -25.33577449673688,
        1
      ],
      "name": "blueberry Instance",
      "children": [
        4,
        5
      ]
    },
    {
      "matrix": [
        1,
        0,
        0,
        0,
        0,
        1,
        0,
        0,
        0,
        0,
        1,
        0,
        -34.35214681241786,
        36.37577935702656,
        92.64170970299814,
        1
      ],
      "name": "leaf",
      "mesh": 0
    },
    {
      "matrix": [
        0.8764220078284322,
        0.4389674951489591,
        -0.01722507530941946,
        0,
        -0.4269993574800288,
        0.8602508539861677,
        0.1968367794658745,
        0,
        0.10325073233836429,
        -0.1684657450091974,
        0.9602412612738912,
        0,
        -2.8421709430404e-14,
        2.842170943040401e-14,
        -3.944304526105059e-31,
        1
      ],
      "name": "blueberrie",
      "mesh": 1
    },
    {
      "matrix": [
        0.34998463690616866,
        0,
        0,
        0,
        0,
        0.34998463690616866,
        0,
        0,
        0,
        0,
        0.34998463690616866,
        0,
        -24.736753349082512,
        6.753204553634832,
        -20.877350290899315,
        1
      ],
      "name": "blueberry",
      "children": [
        7,
        8
      ]
    },
    {
      "matrix": [
        0.9992611746313143,
        0,
        -0.03843312210120374,
        0,
        0,
        1,
        0,
        0,
        0.03843312210120374,
        0,
        0.9992611746313143,
        0,
        -180.33862765110996,
        -2.0085756597466684,
        160,
        1
      ],
      "name": "Blueberries",
      "children": [
        3,
        6,
        9
      ]
    },
    {
      "matrix": [
        2.2204460492503136e-16,
        -0.33510350921701654,
        -0.9421813191262292,
        0,
        0,
        -0.9421813191262272,
        0.3351035092170159,
        0,
        -1,
        -5.551115123125783e-17,
        0,
        0,
        -3.213247299194336,
        87.38646824699703,
        -28.38996592435967,
        1
      ],
      "name": "dot",
      "mesh": 2
    },
    {
      "matrix": [
        2.220446049250313e-16,
        -0.7071067811865476,
        -0.7071067811865475,
        0,
        0,
        -0.7071067811865475,
        0.7071067811865476,
        0,
        -1,
        -1.1102230246251565e-16,
        0,
        0,
        -3.213247299194336,
        56.94653809090062,
        -52.665616998137295,
        1
      ],
      "name": "dot",
      "mesh": 3
    },
    {
      "matrix": [
        2.220446049250313e-16,
        -0.3351035092170165,
        -0.9421813191262289,
        0,
        0,
        -0.9421813191262263,
        0.33510350921701565,
        0,
        -1,
        -5.551115123125783e-17,
        0,
        0,
        -3.213247299194336,
        -87.38646824699697,
        33.77113103903014,
        1
      ],
      "name": "dot",
      "mesh": 4
    },
    {
      "matrix": [
        2.220446049250313e-16,
        -0.7071067811865476,
        -0.7071067811865475,
        0,
        0,
        -0.7071067811865475,
        0.7071067811865476,
        0,
        -1,
        -1.1102230246251565e-16,
        0,
        0,
        -3.213247299194336,
        -54.05445050100593,
        58.33537159376931,
        1
      ],
      "name": "dot",
      "mesh": 5
    },
    {
      "matrix": [
        2.2204460492503136e-16,
        -0.9031767636282044,
        -0.429268836094682,
        0,
        0,
        -0.429268836094682,
        0.9031767636282044,
        0,
        -1.0000000000000002,
        -1.6653345369377353e-16,
        0,
        0,
        -3.213247299194336,
        42.04840895048744,
        -81.96407787559656,
        1
      ],
      "name": "dot",
      "mesh": 6
    },
    {
      "matrix": [
        2.220446049250313e-16,
        -1,
        2.220446049250313e-16,
        0,
        0,
        2.220446049250313e-16,
        1,
        0,
        -1,
        -2.220446049250313e-16,
        0,
        0,
        -3.213247299194336,
        1.446043794947343,
        -75.65467445393176,
        1
      ],
      "name": "dot",
      "mesh": 7
    },
    {
      "matrix": [
        2.2204460492503136e-16,
        -0.9031767636282044,
        -0.429268836094682,
        0,
        0,
        -0.429268836094682,
        0.9031767636282044,
        0,
        -1.0000000000000002,
        -1.6653345369377353e-16,
        0,
        0,
        -3.213247299194336,
        -35.8646325008649,
        81.96407787559656,
        1
      ],
      "name": "dot",
      "mesh": 8
    },
    {
      "matrix": [
        2.220446049250313e-16,
        -1,
        2.220446049250313e-16,
        0,
        0,
        2.220446049250313e-16,
        1,
        0,
        -1,
        -2.220446049250313e-16,
        0,
        0,
        -3.213247299194336,
        1.446043794947343,
        81.32442904956372,
        1
      ],
      "name": "dot",
      "mesh": 9
    },
    {
      "matrix": [
        0,
        -0.9421813191262307,
        0.3351035092170134,
        0,
        -5.551115123125785e-17,
        0.3351035092170133,
        0.9421813191262305,
        0,
        -1.0000000000000009,
        -5.551115123125788e-17,
        0,
        0,
        -3.213247299194336,
        32.875848587100904,
        82.48771080968413,
        1
      ],
      "name": "dot",
      "mesh": 10
    },
    {
      "matrix": [
        3.3306690738754706e-16,
        -0.7071067811865478,
        0.7071067811865471,
        0,
        5.551115123125783e-17,
        0.7071067811865472,
        0.7071067811865477,
        0,
        -1,
        -5.551115123125784e-17,
        3.3306690738754706e-16,
        0,
        -3.213247299194336,
        56.94653809090062,
        58.33537159376931,
        1
      ],
      "name": "dot",
      "mesh": 11
    },
    {
      "matrix": [
        0,
        -0.9421813191262299,
        0.33510350921701487,
        0,
        0,
        0.3351035092170147,
        0.9421813191262297,
        0,
        -1.0000000000000002,
        -1.1102230246251568e-16,
        0,
        0,
        -3.213247299194336,
        -27.126533670034576,
        -80.48951393249729,
        1
      ],
      "name": "dot",
      "mesh": 12
    },
    {
      "matrix": [
        3.3306690738754706e-16,
        -0.7071067811865478,
        0.7071067811865471,
        0,
        5.551115123125783e-17,
        0.7071067811865472,
        0.7071067811865477,
        0,
        -1,
        -5.551115123125784e-17,
        3.3306690738754706e-16,
        0,
        -3.213247299194336,
        -54.05445050100593,
        -52.665616998137295,
        1
      ],
      "name": "dot",
      "mesh": 13
    },
    {
      "matrix": [
        0,
        -0.4292688360946809,
        0.903176763628201,
        0,
        5.5511151231257815e-17,
        0.9031767636282038,
        0.4292688360946823,
        0,
        -1,
        -5.551115123125783e-17,
        0,
        0,
        -3.213247299194336,
        -80.54430666338715,
        -37.40422566996523,
        1
      ],
      "name": "dot",
      "mesh": 14
    },
    {
      "matrix": [
        2.220446049250313e-16,
        0,
        1,
        0,
        0,
        1,
        0,
        0,
        -1,
        0,
        2.220446049250313e-16,
        0,
        -3.213247299194336,
        -77.0435079568004,
        2.8348772978159786,
        1
      ],
      "name": "dot",
      "mesh": 15
    },
    {
      "matrix": [
        0,
        -0.4292688360946809,
        0.903176763628201,
        0,
        5.5511151231257815e-17,
        0.9031767636282038,
        0.4292688360946823,
        0,
        -1,
        -5.551115123125783e-17,
        0,
        0,
        -3.213247299194336,
        78.67176152338948,
        38.26921836722477,
        1
      ],
      "name": "dot",
      "mesh": 16
    },
    {
      "matrix": [
        2.220446049250313e-16,
        0,
        1,
        0,
        0,
        1,
        0,
        0,
        -1,
        0,
        2.220446049250313e-16,
        0,
        -3.213247299194336,
        79.93559554669508,
        2.8348772978159786,
        1
      ],
      "name": "dot",
      "mesh": 17
    },
    {
      "matrix": [
        1.1737881353555426e-16,
        0,
        -0.5286271808999131,
        0,
        0,
        0.5286271808999131,
        0,
        0,
        0.5286271808999131,
        0,
        1.1737881353555426e-16,
        0,
        -3.050749231917764,
        -1.9692222934287003,
        60.09438854935821,
        1
      ],
      "name": "dots",
      "children": [
        11,
        12,
        13,
        14,
        15,
        16,
        17,
        18,
        19,
        20,
        21,
        22,
        23,
        24,
        25,
        26
      ]
    },
    {
      "matrix": [
        1.1213463990891382e-16,
        6.574394000353756e-19,
        -0.505009522509109,
        0,
        3.241426501499158e-50,
        0.505009522509109,
        6.574394000353756e-19,
        0,
        0.505009522509109,
        -9.726129616009929e-35,
        1.1213463990891382e-16,
        0,
        -2.8509492874144775,
        -1.1249999999999147,
        -28.859846372937465,
        1
      ],
      "name": "interior",
      "mesh": 18
    },
    {
      "matrix": [
        1.1737881353555426e-16,
        6.881857097000821e-19,
        -0.5286271808999131,
        0,
        -5.090494585560755e-35,
        0.5286271808999131,
        6.881857097000821e-19,
        0,
        0.528627180899913,
        -5.090494585560751e-35,
        1.1737881353555424e-16,
        0,
        -2.850949287414476,
        -1.1249999999999147,
        -34.6128923541734,
        1
      ],
      "name": "skin",
      "mesh": 19
    },
    {
      "matrix": [
        0.6129644667251753,
        0,
        0,
        0,
        0,
        0.7290973595349213,
        0,
        0,
        0,
        0,
        0.6129644667251043,
        0,
        -254.28987483123248,
        -191.30276730092763,
        428.6723737380215,
        1
      ],
      "name": "Kiwi",
      "children": [
        27,
        28,
        29
      ]
    },
    {
      "matrix": [
        1.477583754525006,
        0.6066598235874884,
        4.65220659645411e-16,
        0,
        -0.6066598235874977,
        1.477583754524983,
        -1.910082473805163e-16,
        0,
        -2.597268212040295e-16,
        0,
        0.8249163567198435,
        0,
        42.500249543679836,
        117.37712704772544,
        0.8458456950553357,
        1
      ],
      "name": "leave",
      "mesh": 20
    },
    {
      "matrix": [
        -1.3084924297748215,
        -0.9160444609370287,
        -4.1198186529639955e-16,
        0,
        0.9160444609370427,
        -1.3084924297748013,
        2.8841871540382036e-16,
        0,
        -5.029059680778172e-16,
        0,
        1.5972757724298623,
        0,
        -19.058652436727982,
        120.44450836506701,
        0.6656107059478557,
        0.9999999999999998
      ],
      "name": "branch",
      "mesh": 21
    },
    {
      "matrix": [
        1.597275772429869,
        -2.7563121506519752e-31,
        5.029059680778195e-16,
        0,
        2.7563121506519306e-31,
        1.597275772429843,
        8.678312501663686e-47,
        0,
        -6.99901809205621e-16,
        0,
        2.222952746408812,
        0,
        0.9840394487282993,
        -39.843024719656924,
        -2.2704941573369894e-16,
        1
      ],
      "name": "apple",
      "mesh": 22
    },
    {
      "matrix": [
        0.7246385097029714,
        0,
        0,
        0,
        0,
        0.7861831170146939,
        0,
        0,
        0,
        0,
        0.7246385097030408,
        0,
        121.61435882529888,
        200.20655623137964,
        -305.11120995560486,
        1
      ],
      "name": "Apple-red",
      "children": [
        31,
        32,
        33
      ]
    },
    {
      "matrix": [
        1.4976094644843094,
        0,
        0,
        0,
        0,
        1.4976094644843094,
        0,
        0,
        0,
        0,
        1.4976094644843094,
        0,
        1.155903551853965,
        0.4087946868983465,
        10.263402266927288,
        0.9999999999999998
      ],
      "name": "Cube",
      "mesh": 23
    },
    {
      "matrix": [
        1,
        0,
        0,
        0,
        0,
        1,
        0,
        0,
        0,
        0,
        1,
        0,
        25.770990729873958,
        71.20630677838987,
        14.754102759168726,
        1
      ],
      "name": "Merged Geometry",
      "mesh": 24
    },
    {
      "matrix": [
        1,
        0,
        0,
        0,
        0,
        1,
        0,
        0,
        0,
        0,
        1,
        0,
        25.083699630262245,
        71.36675130007245,
        14.754102759168735,
        1
      ],
      "name": "Merged Geometry 2",
      "mesh": 25
    },
    {
      "matrix": [
        1,
        0,
        0,
        0,
        0,
        1,
        0,
        0,
        0,
        0,
        1,
        0,
        -17.232441607519515,
        106.31376632442274,
        7.308516507221517,
        1
      ],
      "name": "Merged Geometry 3",
      "mesh": 26
    },
    {
      "matrix": [
        1.872011830605387,
        0,
        0,
        0,
        0,
        1.872011830605387,
        0,
        0,
        0,
        0,
        1.872011830605387,
        0,
        -51.83310160203164,
        137.38846672980193,
        7.837145637487525,
        1
      ],
      "name": "Sphere 3",
      "mesh": 27
    },
    {
      "matrix": [
        1.872011830605387,
        0,
        0,
        0,
        0,
        1.872011830605387,
        0,
        0,
        0,
        0,
        1.872011830605387,
        0,
        -63.42615564167694,
        137.38846672980193,
        7.837145637487525,
        1
      ],
      "name": "Sphere 2",
      "mesh": 28
    },
    {
      "matrix": [
        1.872011830605387,
        0,
        0,
        0,
        0,
        1.872011830605387,
        0,
        0,
        0,
        0,
        1.872011830605387,
        0,
        -75.2779414601047,
        137.38846672980193,
        7.837145637487525,
        1
      ],
      "name": "Sphere",
      "mesh": 29
    },
    {
      "matrix": [
        1.4976094644843094,
        0,
        0,
        0,
        0,
        1.4976094644843094,
        0,
        0,
        0,
        0,
        1.4976094644843094,
        0,
        -17.292716911666712,
        109.47059865299885,
        -1.6789570835731533,
        0.9999999999999998
      ],
      "name": "Rectangle 3",
      "mesh": 30
    },
    {
      "matrix": [
        1.4976094644843094,
        0,
        0,
        0,
        0,
        1.4976094644843094,
        0,
        0,
        0,
        0,
        1.4976094644843094,
        0,
        0,
        93.11375225097453,
        -16.567255734553186,
        0.9999999999999998
      ],
      "name": "Rectangle 2",
      "mesh": 31
    },
    {
      "matrix": [
        0.3104127371443314,
        0.3192703147796919,
        -0.8953828224391175,
        0,
        -0.7169825249117449,
        0.6970911410792557,
        2.7755575615628914e-16,
        0,
        0.5784562989568592,
        0.5949624566094407,
        0.41268834360120726,
        0,
        268.8682006848139,
        -113.60530679703189,
        -218.10014939618745,
        1
      ],
      "name": "PC",
      "children": [
        35,
        36,
        37,
        38,
        39,
        40,
        41,
        42,
        43
      ]
    },
    {
      "matrix": [
        0.8921445117682524,
        0,
        0,
        0,
        0,
        0.8921445117682525,
        0,
        0,
        0,
        0,
        0.8921445117682524,
        0,
        -1.3822907910613365,
        18.85283154420638,
        -3.682458319234399,
        1
      ],
      "name": "Sphere 2",
      "mesh": 32
    },
    {
      "matrix": [
        0.817255349337935,
        0,
        0,
        0,
        0,
        0.8172553493379363,
        0,
        0,
        0,
        0,
        0.8172553493379363,
        0,
        -1.0815228444683669,
        28.980222947850088,
        -2.047947620558531,
        0.9999999999999999
      ],
      "name": "Cylinder",
      "mesh": 33
    },
    {
      "matrix": [
        0.8172553493379349,
        0,
        0,
        0,
        0,
        0.817255349337935,
        0,
        0,
        0,
        0,
        0.8172553493379349,
        0,
        2.842170943040401e-14,
        82.56389778972402,
        -3.552713678800501e-15,
        1
      ],
      "name": "Sphere",
      "mesh": 34
    },
    {
      "matrix": [
        0.9060024702962174,
        0.8817152257415175,
        0,
        0,
        -0.6575926757112408,
        0.6757063632898428,
        -0.7691261195861007,
        0,
        -0.5807196732813324,
        0.596715859250388,
        1.0207450858451772,
        0,
        92.59253310432253,
        -91.93612787584192,
        22.71167245535716,
        1
      ],
      "name": "Bulb",
      "children": [
        45,
        46,
        47
      ]
    },
    {
      "matrix": [
        0.9999999999999999,
        0,
        0,
        0,
        0,
        2.220446049250438e-16,
        0.5555555555555552,
        0,
        0,
        -1.0000000000000564,
        1.2335811384723952e-16,
        0,
        28.86980475667282,
        8.157547787079409,
        -31.8185391366631,
        0.9999999999999999
      ],
      "name": "Cylinder 4",
      "mesh": 35
    },
    {
      "matrix": [
        1,
        0,
        0,
        0,
        0,
        2.2204460492504373e-16,
        0.5555555555555551,
        0,
        0,
        -1.0000000000000562,
        1.2335811384723952e-16,
        0,
        28.869804756672828,
        8.157547787079409,
        30.391761221816235,
        1
      ],
      "name": "Cylinder 3",
      "mesh": 36
    },
    {
      "matrix": [
        1,
        0,
        0,
        0,
        0,
        2.2204460492504077e-16,
        0.5555555555555477,
        0,
        0,
        -1.0000000000000429,
        1.2335811384723785e-16,
        0,
        -31.390858720354597,
        8.157547787079423,
        -31.8185391366631,
        1
      ],
      "name": "Cylinder 4",
      "mesh": 37
    },
    {
      "matrix": [
        1,
        0,
        0,
        0,
        0,
        2.2204460492504077e-16,
        0.5555555555555477,
        0,
        0,
        -1.0000000000000426,
        1.2335811384723785e-16,
        0,
        -31.3908587203546,
        8.157547787079409,
        30.391761221816243,
        1
      ],
      "name": "Cylinder 2",
      "mesh": 38
    },
    {
      "matrix": [
        1,
        0,
        0,
        0,
        0,
        1,
        0,
        0,
        0,
        0,
        1,
        0,
        -42.666759490966825,
        77.56526105081167,
        -7.087577819824219,
        1
      ],
      "name": "Cube",
      "mesh": 39
    },
    {
      "matrix": [
        1.006309630223479,
        0,
        0,
        0,
        0,
        0.9178008053091514,
        -0.39704115879071417,
        0,
        0,
        0.3838547854731785,
        0.8873191693830365,
        0,
        -306.4441273338796,
        -79.00664838637141,
        368.3438614959681,
        1
      ],
      "name": "Shopping Cart",
      "children": [
        49,
        50,
        51,
        52,
        53
      ]
    },
    {
      "matrix": [
        0.7071067811865471,
        -0.7071067811865475,
        0,
        0,
        0.7071067811865475,
        0.7071067811865471,
        0,
        0,
        0,
        0,
        0.9999999999999997,
        0,
        -27.78766131222556,
        -63.76242727394702,
        1.9353322486867623,
        1
      ],
      "name": "Cylinder",
      "mesh": 40
    },
    {
      "matrix": [
        0.7071067811865474,
        -0.7071067811865474,
        0,
        0,
        0.7071067811865474,
        0.7071067811865474,
        0,
        0,
        0,
        0,
        1,
        0,
        0.5545082155940089,
        -34.64557399211156,
        2.842170943040401e-14,
        1
      ],
      "name": "Cube",
      "mesh": 41
    },
    {
      "matrix": [
        -0.9296988995599431,
        0.2491120693411905,
        8.334784831692385e-17,
        0,
        0.24911206934119057,
        0.9296988995599436,
        -1.4436270798645638e-16,
        0,
        -1.178716574844093e-16,
        -1.1787165748440933e-16,
        -0.9624951256678754,
        0,
        -22.555039265780156,
        -0.9239039929952393,
        10.018747072519258,
        0.9999999999999999
      ],
      "name": "l",
      "children": [
        55,
        56
      ]
    },
    {
      "matrix": [
        0.7071067811865471,
        -0.7071067811865475,
        0,
        0,
        0.7071067811865475,
        0.7071067811865471,
        0,
        0,
        0,
        0,
        0.9999999999999997,
        0,
        -27.78766131222556,
        -63.76242727394702,
        1.9353322486867623,
        1
      ],
      "name": "Cylinder",
      "mesh": 40
    },
    {
      "matrix": [
        0.7071067811865474,
        -0.7071067811865474,
        0,
        0,
        0.7071067811865474,
        0.7071067811865474,
        0,
        0,
        0,
        0,
        1,
        0,
        0.5545082155940089,
        -34.64557399211156,
        2.842170943040401e-14,
        1
      ],
      "name": "Cube",
      "mesh": 41
    },
    {
      "matrix": [
        0.9624951256678754,
        0,
        0,
        0,
        0,
        0.9624951256678759,
        0,
        0,
        0,
        0,
        0.9624951256678754,
        0,
        49.628892790045704,
        7.918029155930013,
        28.169785172050695,
        0.9999999999999999
      ],
      "name": "r",
      "children": [
        58,
        59
      ]
    },
    {
      "matrix": [
        0.3611929286780635,
        -0.6939836821610899,
        -0.6228373119580256,
        0,
        -0.29117338498416195,
        0.5505947768806617,
        -0.7823448418367696,
        0,
        0.8858655248680968,
        0.46393107307645387,
        -0.003198637882246169,
        0,
        -161.80805718987153,
        -124.94297541162263,
        274.6253999273397,
        1
      ],
      "name": "Earphone",
      "children": [
        57,
        60
      ]
    },
    {
      "matrix": [
        0.9889062626912248,
        -0.6924396197191871,
        0,
        0,
        0.6924396197191871,
        0.9889062626912248,
        0,
        0,
        0,
        0,
        1.207231636160508,
        0,
        20.745062373234433,
        29.57535413372107,
        0.03710619890572708,
        0.9999999999999998
      ],
      "name": "Cube 2",
      "mesh": 42
    },
    {
      "matrix": [
        0.9889062626912246,
        -0.6924396197191867,
        0,
        0,
        0.6924396197191869,
        0.988906262691225,
        0,
        0,
        0,
        0,
        1.2072316361605084,
        0,
        17.941613191342263,
        25.101543879647977,
        0.010592302808296592,
        1
      ],
      "name": "Cylinder",
      "mesh": 43
    },
    {
      "matrix": [
        0.9889062626912248,
        -0.6924396197191871,
        0,
        0,
        0.6924396197191871,
        0.9889062626912248,
        0,
        0,
        0,
        0,
        1.207231636160508,
        0,
        1.2185873879930469,
        1.2023156536187858,
        1.77635683940025e-15,
        0.9999999999999998
      ],
      "name": "Cube",
      "mesh": 44
    },
    {
      "matrix": [
        1,
        0,
        0,
        0,
        0,
        1,
        0,
        0,
        0,
        0,
        1,
        0,
        30.481653428177605,
        -32.43253867322438,
        8.878261965414604,
        1
      ],
      "name": "paintbrush",
      "children": [
        62,
        63,
        64
      ]
    },
    {
      "matrix": [
        0.5976099068643789,
        1.0489378544815342,
        0,
        0,
        -1.0489378544815342,
        0.5976099068643789,
        0,
        0,
        0,
        0,
        0.45271186356019055,
        0,
        -52.20729169183836,
        13.543822398846237,
        0.43117314672501006,
        1
      ],
      "name": "Sphere 4",
      "mesh": 45
    },
    {
      "matrix": [
        1.1701085836059362,
        0.29707595984610863,
        0,
        0,
        -0.29707595984610863,
        1.1701085836059362,
        0,
        0,
        0,
        0,
        0.45271186356019055,
        0,
        -29.729003860372476,
        46.720520428219636,
        0.4311731467250095,
        1
      ],
      "name": "Sphere 3",
      "mesh": 46
    },
    {
      "matrix": [
        1.1660962156806418,
        -0.3124545392886162,
        0,
        0,
        0.3124545392886162,
        1.1660962156806418,
        0,
        0,
        0,
        0,
        0.45271186356019055,
        0,
        53.8766977203415,
        31.457601941724608,
        0.431173146725009,
        0.9999999999999999
      ],
      "name": "Sphere 2",
      "mesh": 47
    },
    {
      "matrix": [
        1.2072316361605082,
        0,
        0,
        0,
        0,
        1.2072316361605082,
        0,
        0,
        0,
        0,
        0.45271186356019055,
        0,
        17.203713743127985,
        51.21575056801804,
        0.4311731467250093,
        1
      ],
      "name": "Sphere",
      "mesh": 48
    },
    {
      "matrix": [
        1.2072316361605082,
        0,
        0,
        0,
        0,
        1.2072316361605082,
        0,
        0,
        0,
        0,
        1.2072316361605082,
        0,
        -43.11135048083454,
        53.739507790214645,
        -14.46898050577651,
        1
      ],
      "name": "Shape 2",
      "mesh": 49
    },
    {
      "matrix": [
        1,
        0,
        0,
        0,
        0,
        0.7572599072022613,
        -0.6531136447388177,
        0,
        0,
        0.6531136447388177,
        0.7572599072022613,
        0,
        22.817399402660627,
        130.5733827390201,
        -137,
        1
      ],
      "name": "Palette",
      "children": [
        65,
        66,
        67,
        68,
        69,
        70
      ]
    },
    {
      "matrix": [
        0.2499977750007752,
        -0.3327859856688483,
        -0.9092604688630618,
        0,
        0.799528912318497,
        0.6006276037336289,
        0,
        0,
        0.5461269365829367,
        -0.7269800336842904,
        0.41622758169410773,
        0,
        0,
        0,
        0,
        1
      ],
      "name": "Directional Light",
      "extensions": {
        "KHR_lights_punctual": {
          "light": 0
        }
      }
    },
    {
      "matrix": [
        0.7356961878769334,
        -8.326672684688674e-17,
        -0.6773116853733944,
        0,
        -0.43167398406718394,
        0.7705874132508119,
        -0.46888443141032854,
        0,
        0.5219278595964317,
        0.6373343224238143,
        0.5669182223545693,
        0,
        523.7028345447503,
        639.5017722642589,
        568.8462007598663,
        1
      ],
      "camera": 0
    },
    {
      "matrix": [
        1,
        0,
        0,
        0,
        0,
        1,
        0,
        0,
        0,
        0,
        1,
        0,
        0,
        1,
        0,
        1
      ],
      "name": "Default Ambient Light"
    }
  ],
  "bufferViews": [
    {
      "buffer": 0,
      "byteOffset": 0,
      "byteLength": 12864,
      "target": 34962,
      "byteStride": 12
    },
    {
      "buffer": 0,
      "byteOffset": 12864,
      "byteLength": 12864,
      "target": 34962,
      "byteStride": 12
    },
    {
      "buffer": 0,
      "byteOffset": 25728,
      "byteLength": 6432,
      "target": 34963
    },
    {
      "buffer": 0,
      "byteOffset": 32160,
      "byteLength": 2700,
      "target": 34962,
      "byteStride": 12
    },
    {
      "buffer": 0,
      "byteOffset": 34860,
      "byteLength": 2700,
      "target": 34962,
      "byteStride": 12
    },
    {
      "buffer": 0,
      "byteOffset": 37560,
      "byteLength": 1800,
      "target": 34962,
      "byteStride": 8
    },
    {
      "buffer": 0,
      "byteOffset": 39360,
      "byteLength": 2184,
      "target": 34963
    },
    {
      "buffer": 0,
      "byteOffset": 41544,
      "byteLength": 1920,
      "target": 34962,
      "byteStride": 12
    },
    {
      "buffer": 0,
      "byteOffset": 43464,
      "byteLength": 1920,
      "target": 34962,
      "byteStride": 12
    },
    {
      "buffer": 0,
      "byteOffset": 45384,
      "byteLength": 960,
      "target": 34963
    },
    {
      "buffer": 0,
      "byteOffset": 46344,
      "byteLength": 1920,
      "target": 34962,
      "byteStride": 12
    },
    {
      "buffer": 0,
      "byteOffset": 48264,
      "byteLength": 1920,
      "target": 34962,
      "byteStride": 12
    },
    {
      "buffer": 0,
      "byteOffset": 50184,
      "byteLength": 960,
      "target": 34963
    },
    {
      "buffer": 0,
      "byteOffset": 51144,
      "byteLength": 1920,
      "target": 34962,
      "byteStride": 12
    },
    {
      "buffer": 0,
      "byteOffset": 53064,
      "byteLength": 1920,
      "target": 34962,
      "byteStride": 12
    },
    {
      "buffer": 0,
      "byteOffset": 54984,
      "byteLength": 960,
      "target": 34963
    },
    {
      "buffer": 0,
      "byteOffset": 55944,
      "byteLength": 1920,
      "target": 34962,
      "byteStride": 12
    },
    {
      "buffer": 0,
      "byteOffset": 57864,
      "byteLength": 1920,
      "target": 34962,
      "byteStride": 12
    },
    {
      "buffer": 0,
      "byteOffset": 59784,
      "byteLength": 960,
      "target": 34963
    },
    {
      "buffer": 0,
      "byteOffset": 60744,
      "byteLength": 1920,
      "target": 34962,
      "byteStride": 12
    },
    {
      "buffer": 0,
      "byteOffset": 62664,
      "byteLength": 1920,
      "target": 34962,
      "byteStride": 12
    },
    {
      "buffer": 0,
      "byteOffset": 64584,
      "byteLength": 960,
      "target": 34963
    },
    {
      "buffer": 0,
      "byteOffset": 65544,
      "byteLength": 1920,
      "target": 34962,
      "byteStride": 12
    },
    {
      "buffer": 0,
      "byteOffset": 67464,
      "byteLength": 1920,
      "target": 34962,
      "byteStride": 12
    },
    {
      "buffer": 0,
      "byteOffset": 69384,
      "byteLength": 960,
      "target": 34963
    },
    {
      "buffer": 0,
      "byteOffset": 70344,
      "byteLength": 1920,
      "target": 34962,
      "byteStride": 12
    },
    {
      "buffer": 0,
      "byteOffset": 72264,
      "byteLength": 1920,
      "target": 34962,
      "byteStride": 12
    },
    {
      "buffer": 0,
      "byteOffset": 74184,
      "byteLength": 960,
      "target": 34963
    },
    {
      "buffer": 0,
      "byteOffset": 75144,
      "byteLength": 1920,
      "target": 34962,
      "byteStride": 12
    },
    {
      "buffer": 0,
      "byteOffset": 77064,
      "byteLength": 1920,
      "target": 34962,
      "byteStride": 12
    },
    {
      "buffer": 0,
      "byteOffset": 78984,
      "byteLength": 960,
      "target": 34963
    },
    {
      "buffer": 0,
      "byteOffset": 79944,
      "byteLength": 1920,
      "target": 34962,
      "byteStride": 12
    },
    {
      "buffer": 0,
      "byteOffset": 81864,
      "byteLength": 1920,
      "target": 34962,
      "byteStride": 12
    },
    {
      "buffer": 0,
      "byteOffset": 83784,
      "byteLength": 960,
      "target": 34963
    },
    {
      "buffer": 0,
      "byteOffset": 84744,
      "byteLength": 1920,
      "target": 34962,
      "byteStride": 12
    },
    {
      "buffer": 0,
      "byteOffset": 86664,
      "byteLength": 1920,
      "target": 34962,
      "byteStride": 12
    },
    {
      "buffer": 0,
      "byteOffset": 88584,
      "byteLength": 960,
      "target": 34963
    },
    {
      "buffer": 0,
      "byteOffset": 89544,
      "byteLength": 1920,
      "target": 34962,
      "byteStride": 12
    },
    {
      "buffer": 0,
      "byteOffset": 91464,
      "byteLength": 1920,
      "target": 34962,
      "byteStride": 12
    },
    {
      "buffer": 0,
      "byteOffset": 93384,
      "byteLength": 960,
      "target": 34963
    },
    {
      "buffer": 0,
      "byteOffset": 94344,
      "byteLength": 1920,
      "target": 34962,
      "byteStride": 12
    },
    {
      "buffer": 0,
      "byteOffset": 96264,
      "byteLength": 1920,
      "target": 34962,
      "byteStride": 12
    },
    {
      "buffer": 0,
      "byteOffset": 98184,
      "byteLength": 960,
      "target": 34963
    },
    {
      "buffer": 0,
      "byteOffset": 99144,
      "byteLength": 1920,
      "target": 34962,
      "byteStride": 12
    },
    {
      "buffer": 0,
      "byteOffset": 101064,
      "byteLength": 1920,
      "target": 34962,
      "byteStride": 12
    },
    {
      "buffer": 0,
      "byteOffset": 102984,
      "byteLength": 960,
      "target": 34963
    },
    {
      "buffer": 0,
      "byteOffset": 103944,
      "byteLength": 1920,
      "target": 34962,
      "byteStride": 12
    },
    {
      "buffer": 0,
      "byteOffset": 105864,
      "byteLength": 1920,
      "target": 34962,
      "byteStride": 12
    },
    {
      "buffer": 0,
      "byteOffset": 107784,
      "byteLength": 960,
      "target": 34963
    },
    {
      "buffer": 0,
      "byteOffset": 108744,
      "byteLength": 1920,
      "target": 34962,
      "byteStride": 12
    },
    {
      "buffer": 0,
      "byteOffset": 110664,
      "byteLength": 1920,
      "target": 34962,
      "byteStride": 12
    },
    {
      "buffer": 0,
      "byteOffset": 112584,
      "byteLength": 960,
      "target": 34963
    },
    {
      "buffer": 0,
      "byteOffset": 113544,
      "byteLength": 1920,
      "target": 34962,
      "byteStride": 12
    },
    {
      "buffer": 0,
      "byteOffset": 115464,
      "byteLength": 1920,
      "target": 34962,
      "byteStride": 12
    },
    {
      "buffer": 0,
      "byteOffset": 117384,
      "byteLength": 960,
      "target": 34963
    },
    {
      "buffer": 0,
      "byteOffset": 118344,
      "byteLength": 24576,
      "target": 34962,
      "byteStride": 12
    },
    {
      "buffer": 0,
      "byteOffset": 142920,
      "byteLength": 24576,
      "target": 34962,
      "byteStride": 12
    },
    {
      "buffer": 0,
      "byteOffset": 167496,
      "byteLength": 12288,
      "target": 34963
    },
    {
      "buffer": 0,
      "byteOffset": 179784,
      "byteLength": 36864,
      "target": 34962,
      "byteStride": 12
    },
    {
      "buffer": 0,
      "byteOffset": 216648,
      "byteLength": 36864,
      "target": 34962,
      "byteStride": 12
    },
    {
      "buffer": 0,
      "byteOffset": 253512,
      "byteLength": 18432,
      "target": 34963
    },
    {
      "buffer": 0,
      "byteOffset": 271944,
      "byteLength": 7680,
      "target": 34962,
      "byteStride": 12
    },
    {
      "buffer": 0,
      "byteOffset": 279624,
      "byteLength": 7680,
      "target": 34962,
      "byteStride": 12
    },
    {
      "buffer": 0,
      "byteOffset": 287304,
      "byteLength": 3840,
      "target": 34963
    },
    {
      "buffer": 0,
      "byteOffset": 291144,
      "byteLength": 9216,
      "target": 34962,
      "byteStride": 12
    },
    {
      "buffer": 0,
      "byteOffset": 300360,
      "byteLength": 9216,
      "target": 34962,
      "byteStride": 12
    },
    {
      "buffer": 0,
      "byteOffset": 309576,
      "byteLength": 4608,
      "target": 34963
    },
    {
      "buffer": 0,
      "byteOffset": 314184,
      "byteLength": 19968,
      "target": 34962,
      "byteStride": 12
    },
    {
      "buffer": 0,
      "byteOffset": 334152,
      "byteLength": 19968,
      "target": 34962,
      "byteStride": 12
    },
    {
      "buffer": 0,
      "byteOffset": 354120,
      "byteLength": 9984,
      "target": 34963
    },
    {
      "buffer": 0,
      "byteOffset": 364104,
      "byteLength": 15744,
      "target": 34962,
      "byteStride": 12
    },
    {
      "buffer": 0,
      "byteOffset": 379848,
      "byteLength": 15744,
      "target": 34962,
      "byteStride": 12
    },
    {
      "buffer": 0,
      "byteOffset": 395592,
      "byteLength": 7872,
      "target": 34963
    },
    {
      "buffer": 0,
      "byteOffset": 403464,
      "byteLength": 1440,
      "target": 34962,
      "byteStride": 12
    },
    {
